 Temperature_C,Humidity_%,Rainfall_mm,Total_yield
21.70 25.00 110.60 47.85
39.70 99.00 104.50 84.82
19.60 42.00 50.60 38.14
22.80 87.00 87.20 71.94
39.00 38.00 86.00 48.70
40.30 67.00 157.60 84.81
23.10 43.00 96.70 52.82
34.30 71.00 60.40 57.05
24.40 49.00 6.90 29.01
26.60 29.00 103.60 48.24
26.10 62.00 140.50 75.76
42.30 66.00 79.10 60.96
28.80 39.00 70.30 43.47
19.00 78.00 37.40 52.12
24.00 22.00 144.30 56.69
35.20 49.00 92.20 55.68
43.20 77.00 13.80 46.96
41.60 81.00 172.50 96.41
38.60 67.00 34.00 47.56
36.60 94.00 20.50 56.81
40.30 21.00 74.80 36.97
41.10 26.00 46.70 31.12
17.60 68.00 84.40 61.08
19.70 77.00 30.80 49.71
25.60 95.00 150.70 95.27
17.00 32.00 180.30 71.79
24.20 51.00 168.00 78.32
30.70 36.00 77.30 44.26
21.30 57.00 6.80 32.67
15.50 91.00 56.00 63.85
28.60 70.00 18.80 43.50
20.80 96.00 61.00 68.38
35.30 56.00 107.40 63.75
30.00 55.00 100.10 60.53
16.90 92.00 28.70 56.30
22.70 58.00 132.90 71.14
35.00 36.00 50.40 36.62
24.80 82.00 52.50 59.23
44.20 81.00 34.30 55.21
32.00 90.00 22.60 54.98
44.90 49.00 68.30 49.48
45.00 80.00 68.60 65.08
29.10 23.00 2.00 15.01
36.90 92.00 44.30 62.98
34.30 32.00 100.30 49.52
28.30 44.00 57.10 41.96
39.30 46.00 127.70 65.24
22.60 72.00 64.10 57.49
17.60 69.00 36.30 47.15
38.50 39.00 176.90 76.42
45.00 75.00 125.90 79.77
18.20 62.00 159.90 80.79
33.70 94.00 125.70 88.08
35.70 34.00 41.90 33.14
31.80 56.00 140.70 73.39
22.10 59.00 26.70 39.72
24.60 95.00 38.80 61.60
25.80 66.00 164.80 85.02
30.40 74.00 158.30 87.53
18.90 45.00 124.50 61.74
19.30 87.00 197.10 104.56
43.30 78.00 116.90 78.40
40.10 93.00 57.70 67.82
21.00 82.00 126.20 80.96
20.80 40.00 148.90 66.75
37.50 69.00 65.20 57.81
27.30 95.00 151.70 95.74
41.40 72.00 119.00 75.84
15.40 69.00 189.10 92.77
24.20 71.00 124.20 75.18
35.50 61.00 62.70 52.86
25.30 74.00 19.80 45.47
23.20 35.00 149.70 64.73
29.30 63.00 162.60 83.21
42.80 63.00 199.40 95.60
40.20 61.00 127.80 72.86
31.00 45.00 38.10 37.03
24.20 77.00 71.00 62.22
33.20 54.00 137.10 71.45
39.90 71.00 10.80 42.73
35.40 21.00 96.20 42.90
25.80 47.00 53.80 42.22
20.00 88.00 37.20 57.16
18.80 35.00 27.50 27.63
29.80 88.00 164.10 96.21
32.00 28.00 8.90 19.87
24.70 37.00 87.00 47.07
39.10 85.00 34.60 56.79
29.40 33.00 25.80 27.18
15.30 80.00 86.20 67.39
31.30 95.00 174.20 102.89
40.20 58.00 48.10 47.45
26.50 35.00 100.00 50.15
36.80 99.00 177.50 106.43
41.10 50.00 20.80 35.35
30.40 43.00 193.80 82.68
24.30 43.00 189.30 80.72
33.90 46.00 191.80 83.93
20.90 38.00 72.20 42.75
15.20 98.00 66.10 70.35
